! Date  2026-06-23
!
! Number of equations            =  265440
! DLARS code for LASSO used
! DLARS alpha = 1.0000e-07
! DLARS run: mpirun /p/lustre3/lindsey11/dftb_conda_play/CONDA-TRY-2/chimes_lsq/build/../contrib/dlars/src/dlars A.txt b.txt dim.txt --lambda=1e-07 --algorithm=lasso --weights=weights.dat --normalize=y >& dlars.log

! RMSE                           =  3.1131e+01
! max abs variable               =  2.6396e+03
! number of fitting vars         =  225
! Bayesian Information Criterion =  1.8281e+06
! Using weighting file:             weights.dat
!
USECOUL: false
FITCOUL: false
USE3BCH: true
USE4BCH: false
EXCLD1B: false
EXCLD2B: false

PAIRTYP: CHEBYSHEV  25 10 0 -1 1

ATOM TYPES: 1

# TYPEIDX #	# ATM_TYP #	# ATMCHRG #	# ATMMASS #
0		N		0		14.0067

ATOM PAIRS: 1

# PAIRIDX #	# ATM_TY1 #	# ATM_TY1 #	# S_MINIM #	# S_MAXIM #	# CHBDIST #	# MORSE_LAMBDA #
	0               N               N               0.93            3               MORSE           1.09            

FCUT TYPE: TERSOFF 0.75

SPECIAL 3B S_MAXIM: SPECIFIC 1
NNNNNN NN NN NN 3.00000 3.00000 3.00000 

ATOM PAIR TRIPLETS: 1
ATOM PAIR QUADRUPLETS: 0

PAIR CHEBYSHEV PARAMS 

PAIRTYPE PARAMS: 0 N N

  0  -2.1159076582860e+01
  1   2.5457168575190e+01
  2  -4.5632945418790e+00
  3  -1.1176277206210e+01
  4   1.0453453863520e+01
  5  -7.8819580241200e-01
  6  -2.6176939672350e+00
  7   1.4702339889780e-01
  8   3.8744511331680e+00
  9  -3.9102376118930e+00
 10   1.3436771672420e+00
 11   1.5199487218840e-01
 12  -2.8977492613330e-01
 13   1.4070785745960e-01
 14   3.2149743917820e-01
 15  -8.0876227925400e-01
 16   8.1568599654290e-01
 17  -4.3241274779780e-01
 18   0.0000000000000e+00
 19  -4.7939313059220e-02
 20   3.4770093312000e-01
 21  -5.8229082848870e-01
 22   4.6566781423710e-01
 23  -2.2250345516950e-01
 24   5.8392792297780e-02
 
TRIPLET CHEBYSHEV PARAMS 

TRIPLETTYPE PARAMS:
   INDEX: 0 ATOMS: N N N
   PAIRS: NN NN NN UNIQUE: 210 TOTAL: 972
     index  |  powers  |  equiv index  |  param index  |       parameter       
   ----------------------------------------------------------------------------
      0       0  1  1         0               0         -3.7058637090860e+02
      1       1  0  1         0               0         -3.7058637090860e+02
      2       1  1  0         0               0         -3.7058637090860e+02
      3       0  1  2         3               1          0.0000000000000e+00
      4       1  0  2         3               1          0.0000000000000e+00
      5       0  2  1         3               1          0.0000000000000e+00
      6       2  0  1         3               1          0.0000000000000e+00
      7       1  2  0         3               1          0.0000000000000e+00
      8       2  1  0         3               1          0.0000000000000e+00
      9       0  1  3         9               2         -2.8910384136050e+02
      10      1  0  3         9               2         -2.8910384136050e+02
      11      0  3  1         9               2         -2.8910384136050e+02
      12      3  0  1         9               2         -2.8910384136050e+02
      13      1  3  0         9               2         -2.8910384136050e+02
      14      3  1  0         9               2         -2.8910384136050e+02
      15      0  1  4         15              3         -1.7792520589090e+02
      16      1  0  4         15              3         -1.7792520589090e+02
      17      0  4  1         15              3         -1.7792520589090e+02
      18      4  0  1         15              3         -1.7792520589090e+02
      19      1  4  0         15              3         -1.7792520589090e+02
      20      4  1  0         15              3         -1.7792520589090e+02
      21      0  1  5         21              4          9.2228455807120e+01
      22      1  0  5         21              4          9.2228455807120e+01
      23      0  5  1         21              4          9.2228455807120e+01
      24      5  0  1         21              4          9.2228455807120e+01
      25      1  5  0         21              4          9.2228455807120e+01
      26      5  1  0         21              4          9.2228455807120e+01
      27      0  1  6         27              5         -9.3560489233050e+01
      28      1  0  6         27              5         -9.3560489233050e+01
      29      0  6  1         27              5         -9.3560489233050e+01
      30      6  0  1         27              5         -9.3560489233050e+01
      31      1  6  0         27              5         -9.3560489233050e+01
      32      6  1  0         27              5         -9.3560489233050e+01
      33      0  1  7         33              6          8.4310879751430e+01
      34      1  0  7         33              6          8.4310879751430e+01
      35      0  7  1         33              6          8.4310879751430e+01
      36      7  0  1         33              6          8.4310879751430e+01
      37      1  7  0         33              6          8.4310879751430e+01
      38      7  1  0         33              6          8.4310879751430e+01
      39      0  1  8         39              7         -6.9148285514430e+01
      40      1  0  8         39              7         -6.9148285514430e+01
      41      0  8  1         39              7         -6.9148285514430e+01
      42      8  0  1         39              7         -6.9148285514430e+01
      43      1  8  0         39              7         -6.9148285514430e+01
      44      8  1  0         39              7         -6.9148285514430e+01
      45      0  1  9         45              8          4.5667797911350e+01
      46      1  0  9         45              8          4.5667797911350e+01
      47      0  9  1         45              8          4.5667797911350e+01
      48      9  0  1         45              8          4.5667797911350e+01
      49      1  9  0         45              8          4.5667797911350e+01
      50      9  1  0         45              8          4.5667797911350e+01
      51      0  2  2         51              9         -2.9070773521890e+02
      52      2  0  2         51              9         -2.9070773521890e+02
      53      2  2  0         51              9         -2.9070773521890e+02
      54      0  2  3         54              10         1.4767721514570e+01
      55      2  0  3         54              10         1.4767721514570e+01
      56      0  3  2         54              10         1.4767721514570e+01
      57      3  0  2         54              10         1.4767721514570e+01
      58      2  3  0         54              10         1.4767721514570e+01
      59      3  2  0         54              10         1.4767721514570e+01
      60      0  2  4         60              11        -1.5847752065280e+02
      61      2  0  4         60              11        -1.5847752065280e+02
      62      0  4  2         60              11        -1.5847752065280e+02
      63      4  0  2         60              11        -1.5847752065280e+02
      64      2  4  0         60              11        -1.5847752065280e+02
      65      4  2  0         60              11        -1.5847752065280e+02
      66      0  2  5         66              12         6.1301734239870e+01
      67      2  0  5         66              12         6.1301734239870e+01
      68      0  5  2         66              12         6.1301734239870e+01
      69      5  0  2         66              12         6.1301734239870e+01
      70      2  5  0         66              12         6.1301734239870e+01
      71      5  2  0         66              12         6.1301734239870e+01
      72      0  2  6         72              13        -7.9658619342540e+01
      73      2  0  6         72              13        -7.9658619342540e+01
      74      0  6  2         72              13        -7.9658619342540e+01
      75      6  0  2         72              13        -7.9658619342540e+01
      76      2  6  0         72              13        -7.9658619342540e+01
      77      6  2  0         72              13        -7.9658619342540e+01
      78      0  2  7         78              14         4.5427465658700e+01
      79      2  0  7         78              14         4.5427465658700e+01
      80      0  7  2         78              14         4.5427465658700e+01
      81      7  0  2         78              14         4.5427465658700e+01
      82      2  7  0         78              14         4.5427465658700e+01
      83      7  2  0         78              14         4.5427465658700e+01
      84      0  2  8         84              15         8.9228247034460e+00
      85      2  0  8         84              15         8.9228247034460e+00
      86      0  8  2         84              15         8.9228247034460e+00
      87      8  0  2         84              15         8.9228247034460e+00
      88      2  8  0         84              15         8.9228247034460e+00
      89      8  2  0         84              15         8.9228247034460e+00
      90      0  2  9         90              16         1.0473787084260e+01
      91      2  0  9         90              16         1.0473787084260e+01
      92      0  9  2         90              16         1.0473787084260e+01
      93      9  0  2         90              16         1.0473787084260e+01
      94      2  9  0         90              16         1.0473787084260e+01
      95      9  2  0         90              16         1.0473787084260e+01
      96      0  3  3         96              17        -2.4197266048280e+02
      97      3  0  3         96              17        -2.4197266048280e+02
      98      3  3  0         96              17        -2.4197266048280e+02
      99      0  3  4         99              18        -4.3021715273420e+01
      100     3  0  4         99              18        -4.3021715273420e+01
      101     0  4  3         99              18        -4.3021715273420e+01
      102     4  0  3         99              18        -4.3021715273420e+01
      103     3  4  0         99              18        -4.3021715273420e+01
      104     4  3  0         99              18        -4.3021715273420e+01
      105     0  3  5         105             19         3.6079500905360e+01
      106     3  0  5         105             19         3.6079500905360e+01
      107     0  5  3         105             19         3.6079500905360e+01
      108     5  0  3         105             19         3.6079500905360e+01
      109     3  5  0         105             19         3.6079500905360e+01
      110     5  3  0         105             19         3.6079500905360e+01
      111     0  3  6         111             20        -1.8276298916910e+01
      112     3  0  6         111             20        -1.8276298916910e+01
      113     0  6  3         111             20        -1.8276298916910e+01
      114     6  0  3         111             20        -1.8276298916910e+01
      115     3  6  0         111             20        -1.8276298916910e+01
      116     6  3  0         111             20        -1.8276298916910e+01
      117     0  3  7         117             21         1.8394893165010e+01
      118     3  0  7         117             21         1.8394893165010e+01
      119     0  7  3         117             21         1.8394893165010e+01
      120     7  0  3         117             21         1.8394893165010e+01
      121     3  7  0         117             21         1.8394893165010e+01
      122     7  3  0         117             21         1.8394893165010e+01
      123     0  3  8         123             22        -2.3949468925540e+01
      124     3  0  8         123             22        -2.3949468925540e+01
      125     0  8  3         123             22        -2.3949468925540e+01
      126     8  0  3         123             22        -2.3949468925540e+01
      127     3  8  0         123             22        -2.3949468925540e+01
      128     8  3  0         123             22        -2.3949468925540e+01
      129     0  3  9         129             23         2.1516536607220e+01
      130     3  0  9         129             23         2.1516536607220e+01
      131     0  9  3         129             23         2.1516536607220e+01
      132     9  0  3         129             23         2.1516536607220e+01
      133     3  9  0         129             23         2.1516536607220e+01
      134     9  3  0         129             23         2.1516536607220e+01
      135     0  4  4         135             24         1.1265062123240e+01
      136     4  0  4         135             24         1.1265062123240e+01
      137     4  4  0         135             24         1.1265062123240e+01
      138     0  4  5         138             25        -1.6171159679950e+00
      139     4  0  5         138             25        -1.6171159679950e+00
      140     0  5  4         138             25        -1.6171159679950e+00
      141     5  0  4         138             25        -1.6171159679950e+00
      142     4  5  0         138             25        -1.6171159679950e+00
      143     5  4  0         138             25        -1.6171159679950e+00
      144     0  4  6         144             26         3.0222661872920e+00
      145     4  0  6         144             26         3.0222661872920e+00
      146     0  6  4         144             26         3.0222661872920e+00
      147     6  0  4         144             26         3.0222661872920e+00
      148     4  6  0         144             26         3.0222661872920e+00
      149     6  4  0         144             26         3.0222661872920e+00
      150     0  4  7         150             27         2.0998251914890e+00
      151     4  0  7         150             27         2.0998251914890e+00
      152     0  7  4         150             27         2.0998251914890e+00
      153     7  0  4         150             27         2.0998251914890e+00
      154     4  7  0         150             27         2.0998251914890e+00
      155     7  4  0         150             27         2.0998251914890e+00
      156     0  4  8         156             28         3.7913062732510e+01
      157     4  0  8         156             28         3.7913062732510e+01
      158     0  8  4         156             28         3.7913062732510e+01
      159     8  0  4         156             28         3.7913062732510e+01
      160     4  8  0         156             28         3.7913062732510e+01
      161     8  4  0         156             28         3.7913062732510e+01
      162     0  4  9         162             29         3.3337295408820e+00
      163     4  0  9         162             29         3.3337295408820e+00
      164     0  9  4         162             29         3.3337295408820e+00
      165     9  0  4         162             29         3.3337295408820e+00
      166     4  9  0         162             29         3.3337295408820e+00
      167     9  4  0         162             29         3.3337295408820e+00
      168     0  5  5         168             30         6.5323394166090e+01
      169     5  0  5         168             30         6.5323394166090e+01
      170     5  5  0         168             30         6.5323394166090e+01
      171     0  5  6         171             31        -3.2077494086110e+01
      172     5  0  6         171             31        -3.2077494086110e+01
      173     0  6  5         171             31        -3.2077494086110e+01
      174     6  0  5         171             31        -3.2077494086110e+01
      175     5  6  0         171             31        -3.2077494086110e+01
      176     6  5  0         171             31        -3.2077494086110e+01
      177     0  5  7         177             32         0.0000000000000e+00
      178     5  0  7         177             32         0.0000000000000e+00
      179     0  7  5         177             32         0.0000000000000e+00
      180     7  0  5         177             32         0.0000000000000e+00
      181     5  7  0         177             32         0.0000000000000e+00
      182     7  5  0         177             32         0.0000000000000e+00
      183     0  5  8         183             33        -3.8878815111830e+01
      184     5  0  8         183             33        -3.8878815111830e+01
      185     0  8  5         183             33        -3.8878815111830e+01
      186     8  0  5         183             33        -3.8878815111830e+01
      187     5  8  0         183             33        -3.8878815111830e+01
      188     8  5  0         183             33        -3.8878815111830e+01
      189     0  5  9         189             34         5.9134059384900e+00
      190     5  0  9         189             34         5.9134059384900e+00
      191     0  9  5         189             34         5.9134059384900e+00
      192     9  0  5         189             34         5.9134059384900e+00
      193     5  9  0         189             34         5.9134059384900e+00
      194     9  5  0         189             34         5.9134059384900e+00
      195     0  6  6         195             35        -1.0850940987660e+01
      196     6  0  6         195             35        -1.0850940987660e+01
      197     6  6  0         195             35        -1.0850940987660e+01
      198     0  6  7         198             36        -1.8244571119560e+01
      199     6  0  7         198             36        -1.8244571119560e+01
      200     0  7  6         198             36        -1.8244571119560e+01
      201     7  0  6         198             36        -1.8244571119560e+01
      202     6  7  0         198             36        -1.8244571119560e+01
      203     7  6  0         198             36        -1.8244571119560e+01
      204     0  6  8         204             37         1.0362049644330e+01
      205     6  0  8         204             37         1.0362049644330e+01
      206     0  8  6         204             37         1.0362049644330e+01
      207     8  0  6         204             37         1.0362049644330e+01
      208     6  8  0         204             37         1.0362049644330e+01
      209     8  6  0         204             37         1.0362049644330e+01
      210     0  6  9         210             38        -1.9443718020350e+00
      211     6  0  9         210             38        -1.9443718020350e+00
      212     0  9  6         210             38        -1.9443718020350e+00
      213     9  0  6         210             38        -1.9443718020350e+00
      214     6  9  0         210             38        -1.9443718020350e+00
      215     9  6  0         210             38        -1.9443718020350e+00
      216     0  7  7         216             39        -3.5427078537980e+01
      217     7  0  7         216             39        -3.5427078537980e+01
      218     7  7  0         216             39        -3.5427078537980e+01
      219     0  7  8         219             40        -2.9384224392180e+01
      220     7  0  8         219             40        -2.9384224392180e+01
      221     0  8  7         219             40        -2.9384224392180e+01
      222     8  0  7         219             40        -2.9384224392180e+01
      223     7  8  0         219             40        -2.9384224392180e+01
      224     8  7  0         219             40        -2.9384224392180e+01
      225     0  7  9         225             41        -1.2872016940180e+01
      226     7  0  9         225             41        -1.2872016940180e+01
      227     0  9  7         225             41        -1.2872016940180e+01
      228     9  0  7         225             41        -1.2872016940180e+01
      229     7  9  0         225             41        -1.2872016940180e+01
      230     9  7  0         225             41        -1.2872016940180e+01
      231     0  8  8         231             42         4.0506881814000e+00
      232     8  0  8         231             42         4.0506881814000e+00
      233     8  8  0         231             42         4.0506881814000e+00
      234     0  8  9         234             43        -8.9797742133210e+00
      235     8  0  9         234             43        -8.9797742133210e+00
      236     0  9  8         234             43        -8.9797742133210e+00
      237     9  0  8         234             43        -8.9797742133210e+00
      238     8  9  0         234             43        -8.9797742133210e+00
      239     9  8  0         234             43        -8.9797742133210e+00
      240     0  9  9         240             44        -6.8785709094950e+00
      241     9  0  9         240             44        -6.8785709094950e+00
      242     9  9  0         240             44        -6.8785709094950e+00
      243     1  1  1         243             45        -2.6395601601870e+03
      244     1  1  2         244             46        -4.9784801133980e+01
      245     1  2  1         244             46        -4.9784801133980e+01
      246     2  1  1         244             46        -4.9784801133980e+01
      247     1  1  3         247             47        -5.2337241168450e+02
      248     1  3  1         247             47        -5.2337241168450e+02
      249     3  1  1         247             47        -5.2337241168450e+02
      250     1  1  4         250             48         3.7290720091980e+02
      251     1  4  1         250             48         3.7290720091980e+02
      252     4  1  1         250             48         3.7290720091980e+02
      253     1  1  5         253             49        -4.2954585186620e+02
      254     1  5  1         253             49        -4.2954585186620e+02
      255     5  1  1         253             49        -4.2954585186620e+02
      256     1  1  6         256             50         1.3940614228230e-01
      257     1  6  1         256             50         1.3940614228230e-01
      258     6  1  1         256             50         1.3940614228230e-01
      259     1  1  7         259             51         5.9879138306470e+01
      260     1  7  1         259             51         5.9879138306470e+01
      261     7  1  1         259             51         5.9879138306470e+01
      262     1  1  8         262             52         2.1268732733850e+02
      263     1  8  1         262             52         2.1268732733850e+02
      264     8  1  1         262             52         2.1268732733850e+02
      265     1  1  9         265             53        -1.7923388352770e+01
      266     1  9  1         265             53        -1.7923388352770e+01
      267     9  1  1         265             53        -1.7923388352770e+01
      268     1  2  2         268             54         2.1507397917680e+02
      269     2  1  2         268             54         2.1507397917680e+02
      270     2  2  1         268             54         2.1507397917680e+02
      271     1  2  3         271             55        -1.7727137143800e+02
      272     2  1  3         271             55        -1.7727137143800e+02
      273     1  3  2         271             55        -1.7727137143800e+02
      274     3  1  2         271             55        -1.7727137143800e+02
      275     2  3  1         271             55        -1.7727137143800e+02
      276     3  2  1         271             55        -1.7727137143800e+02
      277     1  2  4         277             56        -1.9136986356080e+02
      278     2  1  4         277             56        -1.9136986356080e+02
      279     1  4  2         277             56        -1.9136986356080e+02
      280     4  1  2         277             56        -1.9136986356080e+02
      281     2  4  1         277             56        -1.9136986356080e+02
      282     4  2  1         277             56        -1.9136986356080e+02
      283     1  2  5         283             57         2.2115981370930e+02
      284     2  1  5         283             57         2.2115981370930e+02
      285     1  5  2         283             57         2.2115981370930e+02
      286     5  1  2         283             57         2.2115981370930e+02
      287     2  5  1         283             57         2.2115981370930e+02
      288     5  2  1         283             57         2.2115981370930e+02
      289     1  2  6         289             58        -6.3459837067950e+01
      290     2  1  6         289             58        -6.3459837067950e+01
      291     1  6  2         289             58        -6.3459837067950e+01
      292     6  1  2         289             58        -6.3459837067950e+01
      293     2  6  1         289             58        -6.3459837067950e+01
      294     6  2  1         289             58        -6.3459837067950e+01
      295     1  2  7         295             59         9.9503101985000e+01
      296     2  1  7         295             59         9.9503101985000e+01
      297     1  7  2         295             59         9.9503101985000e+01
      298     7  1  2         295             59         9.9503101985000e+01
      299     2  7  1         295             59         9.9503101985000e+01
      300     7  2  1         295             59         9.9503101985000e+01
      301     1  2  8         301             60        -1.1767631639950e+02
      302     2  1  8         301             60        -1.1767631639950e+02
      303     1  8  2         301             60        -1.1767631639950e+02
      304     8  1  2         301             60        -1.1767631639950e+02
      305     2  8  1         301             60        -1.1767631639950e+02
      306     8  2  1         301             60        -1.1767631639950e+02
      307     1  2  9         307             61         6.9645865953420e+01
      308     2  1  9         307             61         6.9645865953420e+01
      309     1  9  2         307             61         6.9645865953420e+01
      310     9  1  2         307             61         6.9645865953420e+01
      311     2  9  1         307             61         6.9645865953420e+01
      312     9  2  1         307             61         6.9645865953420e+01
      313     1  3  3         313             62         5.0180049020260e+02
      314     3  1  3         313             62         5.0180049020260e+02
      315     3  3  1         313             62         5.0180049020260e+02
      316     1  3  4         316             63        -2.0871084602430e+01
      317     3  1  4         316             63        -2.0871084602430e+01
      318     1  4  3         316             63        -2.0871084602430e+01
      319     4  1  3         316             63        -2.0871084602430e+01
      320     3  4  1         316             63        -2.0871084602430e+01
      321     4  3  1         316             63        -2.0871084602430e+01
      322     1  3  5         322             64         0.0000000000000e+00
      323     3  1  5         322             64         0.0000000000000e+00
      324     1  5  3         322             64         0.0000000000000e+00
      325     5  1  3         322             64         0.0000000000000e+00
      326     3  5  1         322             64         0.0000000000000e+00
      327     5  3  1         322             64         0.0000000000000e+00
      328     1  3  6         328             65        -1.7532930913890e+02
      329     3  1  6         328             65        -1.7532930913890e+02
      330     1  6  3         328             65        -1.7532930913890e+02
      331     6  1  3         328             65        -1.7532930913890e+02
      332     3  6  1         328             65        -1.7532930913890e+02
      333     6  3  1         328             65        -1.7532930913890e+02
      334     1  3  7         334             66         1.2582347698190e+02
      335     3  1  7         334             66         1.2582347698190e+02
      336     1  7  3         334             66         1.2582347698190e+02
      337     7  1  3         334             66         1.2582347698190e+02
      338     3  7  1         334             66         1.2582347698190e+02
      339     7  3  1         334             66         1.2582347698190e+02
      340     1  3  8         340             67         6.2756010692990e+01
      341     3  1  8         340             67         6.2756010692990e+01
      342     1  8  3         340             67         6.2756010692990e+01
      343     8  1  3         340             67         6.2756010692990e+01
      344     3  8  1         340             67         6.2756010692990e+01
      345     8  3  1         340             67         6.2756010692990e+01
      346     1  3  9         346             68        -1.0344106813700e+01
      347     3  1  9         346             68        -1.0344106813700e+01
      348     1  9  3         346             68        -1.0344106813700e+01
      349     9  1  3         346             68        -1.0344106813700e+01
      350     3  9  1         346             68        -1.0344106813700e+01
      351     9  3  1         346             68        -1.0344106813700e+01
      352     1  4  4         352             69        -4.0252115150660e+02
      353     4  1  4         352             69        -4.0252115150660e+02
      354     4  4  1         352             69        -4.0252115150660e+02
      355     1  4  5         355             70         1.5900136689170e+02
      356     4  1  5         355             70         1.5900136689170e+02
      357     1  5  4         355             70         1.5900136689170e+02
      358     5  1  4         355             70         1.5900136689170e+02
      359     4  5  1         355             70         1.5900136689170e+02
      360     5  4  1         355             70         1.5900136689170e+02
      361     1  4  6         361             71        -1.1946153708200e+02
      362     4  1  6         361             71        -1.1946153708200e+02
      363     1  6  4         361             71        -1.1946153708200e+02
      364     6  1  4         361             71        -1.1946153708200e+02
      365     4  6  1         361             71        -1.1946153708200e+02
      366     6  4  1         361             71        -1.1946153708200e+02
      367     1  4  7         367             72         6.3274534677510e+01
      368     4  1  7         367             72         6.3274534677510e+01
      369     1  7  4         367             72         6.3274534677510e+01
      370     7  1  4         367             72         6.3274534677510e+01
      371     4  7  1         367             72         6.3274534677510e+01
      372     7  4  1         367             72         6.3274534677510e+01
      373     1  4  8         373             73        -1.0340863739810e+02
      374     4  1  8         373             73        -1.0340863739810e+02
      375     1  8  4         373             73        -1.0340863739810e+02
      376     8  1  4         373             73        -1.0340863739810e+02
      377     4  8  1         373             73        -1.0340863739810e+02
      378     8  4  1         373             73        -1.0340863739810e+02
      379     1  4  9         379             74         4.7045160568830e+01
      380     4  1  9         379             74         4.7045160568830e+01
      381     1  9  4         379             74         4.7045160568830e+01
      382     9  1  4         379             74         4.7045160568830e+01
      383     4  9  1         379             74         4.7045160568830e+01
      384     9  4  1         379             74         4.7045160568830e+01
      385     1  5  5         385             75        -2.4486295313230e+02
      386     5  1  5         385             75        -2.4486295313230e+02
      387     5  5  1         385             75        -2.4486295313230e+02
      388     1  5  6         388             76         0.0000000000000e+00
      389     5  1  6         388             76         0.0000000000000e+00
      390     1  6  5         388             76         0.0000000000000e+00
      391     6  1  5         388             76         0.0000000000000e+00
      392     5  6  1         388             76         0.0000000000000e+00
      393     6  5  1         388             76         0.0000000000000e+00
      394     1  5  7         394             77        -5.4103235805260e+01
      395     5  1  7         394             77        -5.4103235805260e+01
      396     1  7  5         394             77        -5.4103235805260e+01
      397     7  1  5         394             77        -5.4103235805260e+01
      398     5  7  1         394             77        -5.4103235805260e+01
      399     7  5  1         394             77        -5.4103235805260e+01
      400     1  5  8         400             78         6.3251466679870e+01
      401     5  1  8         400             78         6.3251466679870e+01
      402     1  8  5         400             78         6.3251466679870e+01
      403     8  1  5         400             78         6.3251466679870e+01
      404     5  8  1         400             78         6.3251466679870e+01
      405     8  5  1         400             78         6.3251466679870e+01
      406     1  5  9         406             79        -3.8379852533260e+01
      407     5  1  9         406             79        -3.8379852533260e+01
      408     1  9  5         406             79        -3.8379852533260e+01
      409     9  1  5         406             79        -3.8379852533260e+01
      410     5  9  1         406             79        -3.8379852533260e+01
      411     9  5  1         406             79        -3.8379852533260e+01
      412     1  6  6         412             80         7.9143818302400e+00
      413     6  1  6         412             80         7.9143818302400e+00
      414     6  6  1         412             80         7.9143818302400e+00
      415     1  6  7         415             81         2.1845730768040e+00
      416     6  1  7         415             81         2.1845730768040e+00
      417     1  7  6         415             81         2.1845730768040e+00
      418     7  1  6         415             81         2.1845730768040e+00
      419     6  7  1         415             81         2.1845730768040e+00
      420     7  6  1         415             81         2.1845730768040e+00
      421     1  6  8         421             82        -1.2529465014780e+01
      422     6  1  8         421             82        -1.2529465014780e+01
      423     1  8  6         421             82        -1.2529465014780e+01
      424     8  1  6         421             82        -1.2529465014780e+01
      425     6  8  1         421             82        -1.2529465014780e+01
      426     8  6  1         421             82        -1.2529465014780e+01
      427     1  6  9         427             83         1.4672250937480e+01
      428     6  1  9         427             83         1.4672250937480e+01
      429     1  9  6         427             83         1.4672250937480e+01
      430     9  1  6         427             83         1.4672250937480e+01
      431     6  9  1         427             83         1.4672250937480e+01
      432     9  6  1         427             83         1.4672250937480e+01
      433     1  7  7         433             84         1.6203728055010e+00
      434     7  1  7         433             84         1.6203728055010e+00
      435     7  7  1         433             84         1.6203728055010e+00
      436     1  7  8         436             85         3.5319137632870e+01
      437     7  1  8         436             85         3.5319137632870e+01
      438     1  8  7         436             85         3.5319137632870e+01
      439     8  1  7         436             85         3.5319137632870e+01
      440     7  8  1         436             85         3.5319137632870e+01
      441     8  7  1         436             85         3.5319137632870e+01
      442     1  7  9         442             86        -2.8931928162060e+00
      443     7  1  9         442             86        -2.8931928162060e+00
      444     1  9  7         442             86        -2.8931928162060e+00
      445     9  1  7         442             86        -2.8931928162060e+00
      446     7  9  1         442             86        -2.8931928162060e+00
      447     9  7  1         442             86        -2.8931928162060e+00
      448     1  8  8         448             87         3.1301995093600e+00
      449     8  1  8         448             87         3.1301995093600e+00
      450     8  8  1         448             87         3.1301995093600e+00
      451     1  8  9         451             88         1.3770343267930e+01
      452     8  1  9         451             88         1.3770343267930e+01
      453     1  9  8         451             88         1.3770343267930e+01
      454     9  1  8         451             88         1.3770343267930e+01
      455     8  9  1         451             88         1.3770343267930e+01
      456     9  8  1         451             88         1.3770343267930e+01
      457     1  9  9         457             89         3.4183950977910e+00
      458     9  1  9         457             89         3.4183950977910e+00
      459     9  9  1         457             89         3.4183950977910e+00
      460     2  2  2         460             90        -1.2774696089440e+03
      461     2  2  3         461             91         2.5604476589650e+02
      462     2  3  2         461             91         2.5604476589650e+02
      463     3  2  2         461             91         2.5604476589650e+02
      464     2  2  4         464             92        -6.9966601391920e+02
      465     2  4  2         464             92        -6.9966601391920e+02
      466     4  2  2         464             92        -6.9966601391920e+02
      467     2  2  5         467             93         3.2218001391720e+02
      468     2  5  2         467             93         3.2218001391720e+02
      469     5  2  2         467             93         3.2218001391720e+02
      470     2  2  6         470             94        -3.4430187971400e+02
      471     2  6  2         470             94        -3.4430187971400e+02
      472     6  2  2         470             94        -3.4430187971400e+02
      473     2  2  7         473             95         2.0122708873120e+02
      474     2  7  2         473             95         2.0122708873120e+02
      475     7  2  2         473             95         2.0122708873120e+02
      476     2  2  8         476             96         0.0000000000000e+00
      477     2  8  2         476             96         0.0000000000000e+00
      478     8  2  2         476             96         0.0000000000000e+00
      479     2  2  9         479             97         4.4623362503820e+01
      480     2  9  2         479             97         4.4623362503820e+01
      481     9  2  2         479             97         4.4623362503820e+01
      482     2  3  3         482             98        -2.3867813007550e+02
      483     3  2  3         482             98        -2.3867813007550e+02
      484     3  3  2         482             98        -2.3867813007550e+02
      485     2  3  4         485             99         4.8603825157540e+01
      486     3  2  4         485             99         4.8603825157540e+01
      487     2  4  3         485             99         4.8603825157540e+01
      488     4  2  3         485             99         4.8603825157540e+01
      489     3  4  2         485             99         4.8603825157540e+01
      490     4  3  2         485             99         4.8603825157540e+01
      491     2  3  5         491             100        7.4015440465150e+01
      492     3  2  5         491             100        7.4015440465150e+01
      493     2  5  3         491             100        7.4015440465150e+01
      494     5  2  3         491             100        7.4015440465150e+01
      495     3  5  2         491             100        7.4015440465150e+01
      496     5  3  2         491             100        7.4015440465150e+01
      497     2  3  6         497             101        5.6874322047500e+01
      498     3  2  6         497             101        5.6874322047500e+01
      499     2  6  3         497             101        5.6874322047500e+01
      500     6  2  3         497             101        5.6874322047500e+01
      501     3  6  2         497             101        5.6874322047500e+01
      502     6  3  2         497             101        5.6874322047500e+01
      503     2  3  7         503             102       -9.3358577398110e+00
      504     3  2  7         503             102       -9.3358577398110e+00
      505     2  7  3         503             102       -9.3358577398110e+00
      506     7  2  3         503             102       -9.3358577398110e+00
      507     3  7  2         503             102       -9.3358577398110e+00
      508     7  3  2         503             102       -9.3358577398110e+00
      509     2  3  8         509             103       -3.8158443303760e+01
      510     3  2  8         509             103       -3.8158443303760e+01
      511     2  8  3         509             103       -3.8158443303760e+01
      512     8  2  3         509             103       -3.8158443303760e+01
      513     3  8  2         509             103       -3.8158443303760e+01
      514     8  3  2         509             103       -3.8158443303760e+01
      515     2  3  9         515             104        2.8434813463700e+01
      516     3  2  9         515             104        2.8434813463700e+01
      517     2  9  3         515             104        2.8434813463700e+01
      518     9  2  3         515             104        2.8434813463700e+01
      519     3  9  2         515             104        2.8434813463700e+01
      520     9  3  2         515             104        2.8434813463700e+01
      521     2  4  4         521             105       -2.0993800142440e+02
      522     4  2  4         521             105       -2.0993800142440e+02
      523     4  4  2         521             105       -2.0993800142440e+02
      524     2  4  5         524             106        1.0771718319950e+02
      525     4  2  5         524             106        1.0771718319950e+02
      526     2  5  4         524             106        1.0771718319950e+02
      527     5  2  4         524             106        1.0771718319950e+02
      528     4  5  2         524             106        1.0771718319950e+02
      529     5  4  2         524             106        1.0771718319950e+02
      530     2  4  6         530             107       -1.1523307269090e+02
      531     4  2  6         530             107       -1.1523307269090e+02
      532     2  6  4         530             107       -1.1523307269090e+02
      533     6  2  4         530             107       -1.1523307269090e+02
      534     4  6  2         530             107       -1.1523307269090e+02
      535     6  4  2         530             107       -1.1523307269090e+02
      536     2  4  7         536             108        7.4997975309040e+01
      537     4  2  7         536             108        7.4997975309040e+01
      538     2  7  4         536             108        7.4997975309040e+01
      539     7  2  4         536             108        7.4997975309040e+01
      540     4  7  2         536             108        7.4997975309040e+01
      541     7  4  2         536             108        7.4997975309040e+01
      542     2  4  8         542             109        5.4199737037350e+01
      543     4  2  8         542             109        5.4199737037350e+01
      544     2  8  4         542             109        5.4199737037350e+01
      545     8  2  4         542             109        5.4199737037350e+01
      546     4  8  2         542             109        5.4199737037350e+01
      547     8  4  2         542             109        5.4199737037350e+01
      548     2  4  9         548             110        1.9693637519350e+01
      549     4  2  9         548             110        1.9693637519350e+01
      550     2  9  4         548             110        1.9693637519350e+01
      551     9  2  4         548             110        1.9693637519350e+01
      552     4  9  2         548             110        1.9693637519350e+01
      553     9  4  2         548             110        1.9693637519350e+01
      554     2  5  5         554             111        8.2100898403370e+01
      555     5  2  5         554             111        8.2100898403370e+01
      556     5  5  2         554             111        8.2100898403370e+01
      557     2  5  6         557             112        1.2854409770710e+01
      558     5  2  6         557             112        1.2854409770710e+01
      559     2  6  5         557             112        1.2854409770710e+01
      560     6  2  5         557             112        1.2854409770710e+01
      561     5  6  2         557             112        1.2854409770710e+01
      562     6  5  2         557             112        1.2854409770710e+01
      563     2  5  7         563             113       -3.2088484459520e+01
      564     5  2  7         563             113       -3.2088484459520e+01
      565     2  7  5         563             113       -3.2088484459520e+01
      566     7  2  5         563             113       -3.2088484459520e+01
      567     5  7  2         563             113       -3.2088484459520e+01
      568     7  5  2         563             113       -3.2088484459520e+01
      569     2  5  8         569             114       -5.9618094613010e+01
      570     5  2  8         569             114       -5.9618094613010e+01
      571     2  8  5         569             114       -5.9618094613010e+01
      572     8  2  5         569             114       -5.9618094613010e+01
      573     5  8  2         569             114       -5.9618094613010e+01
      574     8  5  2         569             114       -5.9618094613010e+01
      575     2  5  9         575             115        4.9386320219600e+00
      576     5  2  9         575             115        4.9386320219600e+00
      577     2  9  5         575             115        4.9386320219600e+00
      578     9  2  5         575             115        4.9386320219600e+00
      579     5  9  2         575             115        4.9386320219600e+00
      580     9  5  2         575             115        4.9386320219600e+00
      581     2  6  6         581             116       -8.6358831798340e+01
      582     6  2  6         581             116       -8.6358831798340e+01
      583     6  6  2         581             116       -8.6358831798340e+01
      584     2  6  7         584             117        9.7583311912820e+00
      585     6  2  7         584             117        9.7583311912820e+00
      586     2  7  6         584             117        9.7583311912820e+00
      587     7  2  6         584             117        9.7583311912820e+00
      588     6  7  2         584             117        9.7583311912820e+00
      589     7  6  2         584             117        9.7583311912820e+00
      590     2  6  8         590             118        6.9128120408200e+00
      591     6  2  8         590             118        6.9128120408200e+00
      592     2  8  6         590             118        6.9128120408200e+00
      593     8  2  6         590             118        6.9128120408200e+00
      594     6  8  2         590             118        6.9128120408200e+00
      595     8  6  2         590             118        6.9128120408200e+00
      596     2  6  9         596             119        4.2754482809610e+00
      597     6  2  9         596             119        4.2754482809610e+00
      598     2  9  6         596             119        4.2754482809610e+00
      599     9  2  6         596             119        4.2754482809610e+00
      600     6  9  2         596             119        4.2754482809610e+00
      601     9  6  2         596             119        4.2754482809610e+00
      602     2  7  7         602             120       -8.0739444691970e+01
      603     7  2  7         602             120       -8.0739444691970e+01
      604     7  7  2         602             120       -8.0739444691970e+01
      605     2  7  8         605             121       -4.2642116650750e+01
      606     7  2  8         605             121       -4.2642116650750e+01
      607     2  8  7         605             121       -4.2642116650750e+01
      608     8  2  7         605             121       -4.2642116650750e+01
      609     7  8  2         605             121       -4.2642116650750e+01
      610     8  7  2         605             121       -4.2642116650750e+01
      611     2  7  9         611             122       -2.5613421798520e+01
      612     7  2  9         611             122       -2.5613421798520e+01
      613     2  9  7         611             122       -2.5613421798520e+01
      614     9  2  7         611             122       -2.5613421798520e+01
      615     7  9  2         611             122       -2.5613421798520e+01
      616     9  7  2         611             122       -2.5613421798520e+01
      617     2  8  8         617             123        5.6384147439740e+00
      618     8  2  8         617             123        5.6384147439740e+00
      619     8  8  2         617             123        5.6384147439740e+00
      620     2  8  9         620             124       -1.4071634828030e+01
      621     8  2  9         620             124       -1.4071634828030e+01
      622     2  9  8         620             124       -1.4071634828030e+01
      623     9  2  8         620             124       -1.4071634828030e+01
      624     8  9  2         620             124       -1.4071634828030e+01
      625     9  8  2         620             124       -1.4071634828030e+01
      626     2  9  9         626             125       -1.2427705239790e+01
      627     9  2  9         626             125       -1.2427705239790e+01
      628     9  9  2         626             125       -1.2427705239790e+01
      629     3  3  3         629             126        9.2178238690610e+02
      630     3  3  4         630             127       -2.2721866336120e+02
      631     3  4  3         630             127       -2.2721866336120e+02
      632     4  3  3         630             127       -2.2721866336120e+02
      633     3  3  5         633             128        2.1018733803030e+02
      634     3  5  3         633             128        2.1018733803030e+02
      635     5  3  3         633             128        2.1018733803030e+02
      636     3  3  6         636             129       -2.5157209540000e+02
      637     3  6  3         636             129       -2.5157209540000e+02
      638     6  3  3         636             129       -2.5157209540000e+02
      639     3  3  7         639             130        1.5518807116300e+02
      640     3  7  3         639             130        1.5518807116300e+02
      641     7  3  3         639             130        1.5518807116300e+02
      642     3  3  8         642             131       -1.8524994088050e+01
      643     3  8  3         642             131       -1.8524994088050e+01
      644     8  3  3         642             131       -1.8524994088050e+01
      645     3  3  9         645             132        0.0000000000000e+00
      646     3  9  3         645             132        0.0000000000000e+00
      647     9  3  3         645             132        0.0000000000000e+00
      648     3  4  4         648             133       -9.1659610345750e+01
      649     4  3  4         648             133       -9.1659610345750e+01
      650     4  4  3         648             133       -9.1659610345750e+01
      651     3  4  5         651             134        0.0000000000000e+00
      652     4  3  5         651             134        0.0000000000000e+00
      653     3  5  4         651             134        0.0000000000000e+00
      654     5  3  4         651             134        0.0000000000000e+00
      655     4  5  3         651             134        0.0000000000000e+00
      656     5  4  3         651             134        0.0000000000000e+00
      657     3  4  6         657             135        6.7808500370330e+00
      658     4  3  6         657             135        6.7808500370330e+00
      659     3  6  4         657             135        6.7808500370330e+00
      660     6  3  4         657             135        6.7808500370330e+00
      661     4  6  3         657             135        6.7808500370330e+00
      662     6  4  3         657             135        6.7808500370330e+00
      663     3  4  7         663             136       -1.8982962702060e+01
      664     4  3  7         663             136       -1.8982962702060e+01
      665     3  7  4         663             136       -1.8982962702060e+01
      666     7  3  4         663             136       -1.8982962702060e+01
      667     4  7  3         663             136       -1.8982962702060e+01
      668     7  4  3         663             136       -1.8982962702060e+01
      669     3  4  8         669             137       -4.0258473679900e+01
      670     4  3  8         669             137       -4.0258473679900e+01
      671     3  8  4         669             137       -4.0258473679900e+01
      672     8  3  4         669             137       -4.0258473679900e+01
      673     4  8  3         669             137       -4.0258473679900e+01
      674     8  4  3         669             137       -4.0258473679900e+01
      675     3  4  9         675             138        1.7782157021790e+01
      676     4  3  9         675             138        1.7782157021790e+01
      677     3  9  4         675             138        1.7782157021790e+01
      678     9  3  4         675             138        1.7782157021790e+01
      679     4  9  3         675             138        1.7782157021790e+01
      680     9  4  3         675             138        1.7782157021790e+01
      681     3  5  5         681             139       -7.8648650209180e+01
      682     5  3  5         681             139       -7.8648650209180e+01
      683     5  5  3         681             139       -7.8648650209180e+01
      684     3  5  6         684             140       -6.5918250444760e+01
      685     5  3  6         684             140       -6.5918250444760e+01
      686     3  6  5         684             140       -6.5918250444760e+01
      687     6  3  5         684             140       -6.5918250444760e+01
      688     5  6  3         684             140       -6.5918250444760e+01
      689     6  5  3         684             140       -6.5918250444760e+01
      690     3  5  7         690             141        0.0000000000000e+00
      691     5  3  7         690             141        0.0000000000000e+00
      692     3  7  5         690             141        0.0000000000000e+00
      693     7  3  5         690             141        0.0000000000000e+00
      694     5  7  3         690             141        0.0000000000000e+00
      695     7  5  3         690             141        0.0000000000000e+00
      696     3  5  8         696             142        1.4461042498770e+01
      697     5  3  8         696             142        1.4461042498770e+01
      698     3  8  5         696             142        1.4461042498770e+01
      699     8  3  5         696             142        1.4461042498770e+01
      700     5  8  3         696             142        1.4461042498770e+01
      701     8  5  3         696             142        1.4461042498770e+01
      702     3  5  9         702             143       -1.9061831909020e+01
      703     5  3  9         702             143       -1.9061831909020e+01
      704     3  9  5         702             143       -1.9061831909020e+01
      705     9  3  5         702             143       -1.9061831909020e+01
      706     5  9  3         702             143       -1.9061831909020e+01
      707     9  5  3         702             143       -1.9061831909020e+01
      708     3  6  6         708             144        4.9308307790970e+01
      709     6  3  6         708             144        4.9308307790970e+01
      710     6  6  3         708             144        4.9308307790970e+01
      711     3  6  7         711             145       -3.0476537728350e+01
      712     6  3  7         711             145       -3.0476537728350e+01
      713     3  7  6         711             145       -3.0476537728350e+01
      714     7  3  6         711             145       -3.0476537728350e+01
      715     6  7  3         711             145       -3.0476537728350e+01
      716     7  6  3         711             145       -3.0476537728350e+01
      717     3  6  8         717             146        7.3487582473250e+00
      718     6  3  8         717             146        7.3487582473250e+00
      719     3  8  6         717             146        7.3487582473250e+00
      720     8  3  6         717             146        7.3487582473250e+00
      721     6  8  3         717             146        7.3487582473250e+00
      722     8  6  3         717             146        7.3487582473250e+00
      723     3  6  9         723             147        1.7933534120090e+00
      724     6  3  9         723             147        1.7933534120090e+00
      725     3  9  6         723             147        1.7933534120090e+00
      726     9  3  6         723             147        1.7933534120090e+00
      727     6  9  3         723             147        1.7933534120090e+00
      728     9  6  3         723             147        1.7933534120090e+00
      729     3  7  7         729             148        2.1502556881480e+01
      730     7  3  7         729             148        2.1502556881480e+01
      731     7  7  3         729             148        2.1502556881480e+01
      732     3  7  8         732             149        1.3614380815050e+01
      733     7  3  8         732             149        1.3614380815050e+01
      734     3  8  7         732             149        1.3614380815050e+01
      735     8  3  7         732             149        1.3614380815050e+01
      736     7  8  3         732             149        1.3614380815050e+01
      737     8  7  3         732             149        1.3614380815050e+01
      738     3  7  9         738             150        3.6102986691360e+00
      739     7  3  9         738             150        3.6102986691360e+00
      740     3  9  7         738             150        3.6102986691360e+00
      741     9  3  7         738             150        3.6102986691360e+00
      742     7  9  3         738             150        3.6102986691360e+00
      743     9  7  3         738             150        3.6102986691360e+00
      744     3  8  8         744             151        7.6754512988560e+00
      745     8  3  8         744             151        7.6754512988560e+00
      746     8  8  3         744             151        7.6754512988560e+00
      747     3  8  9         747             152        7.0129007336210e+00
      748     8  3  9         747             152        7.0129007336210e+00
      749     3  9  8         747             152        7.0129007336210e+00
      750     9  3  8         747             152        7.0129007336210e+00
      751     8  9  3         747             152        7.0129007336210e+00
      752     9  8  3         747             152        7.0129007336210e+00
      753     3  9  9         753             153        4.8598107785140e+00
      754     9  3  9         753             153        4.8598107785140e+00
      755     9  9  3         753             153        4.8598107785140e+00
      756     4  4  4         756             154        6.7865631798890e+01
      757     4  4  5         757             155       -2.9732854045370e+01
      758     4  5  4         757             155       -2.9732854045370e+01
      759     5  4  4         757             155       -2.9732854045370e+01
      760     4  4  6         760             156        0.0000000000000e+00
      761     4  6  4         760             156        0.0000000000000e+00
      762     6  4  4         760             156        0.0000000000000e+00
      763     4  4  7         763             157        7.3537129394980e+00
      764     4  7  4         763             157        7.3537129394980e+00
      765     7  4  4         763             157        7.3537129394980e+00
      766     4  4  8         766             158        6.4582975393270e+01
      767     4  8  4         766             158        6.4582975393270e+01
      768     8  4  4         766             158        6.4582975393270e+01
      769     4  4  9         769             159        5.0168757053170e+00
      770     4  9  4         769             159        5.0168757053170e+00
      771     9  4  4         769             159        5.0168757053170e+00
      772     4  5  5         772             160        4.8425929160890e+01
      773     5  4  5         772             160        4.8425929160890e+01
      774     5  5  4         772             160        4.8425929160890e+01
      775     4  5  6         775             161       -2.4401388508940e+01
      776     5  4  6         775             161       -2.4401388508940e+01
      777     4  6  5         775             161       -2.4401388508940e+01
      778     6  4  5         775             161       -2.4401388508940e+01
      779     5  6  4         775             161       -2.4401388508940e+01
      780     6  5  4         775             161       -2.4401388508940e+01
      781     4  5  7         781             162       -1.0498975443760e+01
      782     5  4  7         781             162       -1.0498975443760e+01
      783     4  7  5         781             162       -1.0498975443760e+01
      784     7  4  5         781             162       -1.0498975443760e+01
      785     5  7  4         781             162       -1.0498975443760e+01
      786     7  5  4         781             162       -1.0498975443760e+01
      787     4  5  8         787             163       -5.1451614622730e+01
      788     5  4  8         787             163       -5.1451614622730e+01
      789     4  8  5         787             163       -5.1451614622730e+01
      790     8  4  5         787             163       -5.1451614622730e+01
      791     5  8  4         787             163       -5.1451614622730e+01
      792     8  5  4         787             163       -5.1451614622730e+01
      793     4  5  9         793             164        7.1242851721710e+00
      794     5  4  9         793             164        7.1242851721710e+00
      795     4  9  5         793             164        7.1242851721710e+00
      796     9  4  5         793             164        7.1242851721710e+00
      797     5  9  4         793             164        7.1242851721710e+00
      798     9  5  4         793             164        7.1242851721710e+00
      799     4  6  6         799             165       -3.0215798132120e+01
      800     6  4  6         799             165       -3.0215798132120e+01
      801     6  6  4         799             165       -3.0215798132120e+01
      802     4  6  7         802             166       -6.4696660469230e+00
      803     6  4  7         802             166       -6.4696660469230e+00
      804     4  7  6         802             166       -6.4696660469230e+00
      805     7  4  6         802             166       -6.4696660469230e+00
      806     6  7  4         802             166       -6.4696660469230e+00
      807     7  6  4         802             166       -6.4696660469230e+00
      808     4  6  8         808             167        1.4188181031670e+01
      809     6  4  8         808             167        1.4188181031670e+01
      810     4  8  6         808             167        1.4188181031670e+01
      811     8  4  6         808             167        1.4188181031670e+01
      812     6  8  4         808             167        1.4188181031670e+01
      813     8  6  4         808             167        1.4188181031670e+01
      814     4  6  9         814             168        8.8265534474940e-01
      815     6  4  9         814             168        8.8265534474940e-01
      816     4  9  6         814             168        8.8265534474940e-01
      817     9  4  6         814             168        8.8265534474940e-01
      818     6  9  4         814             168        8.8265534474940e-01
      819     9  6  4         814             168        8.8265534474940e-01
      820     4  7  7         820             169       -4.1064852209920e+01
      821     7  4  7         820             169       -4.1064852209920e+01
      822     7  7  4         820             169       -4.1064852209920e+01
      823     4  7  8         823             170       -3.1252126214690e+01
      824     7  4  8         823             170       -3.1252126214690e+01
      825     4  8  7         823             170       -3.1252126214690e+01
      826     8  4  7         823             170       -3.1252126214690e+01
      827     7  8  4         823             170       -3.1252126214690e+01
      828     8  7  4         823             170       -3.1252126214690e+01
      829     4  7  9         829             171       -1.3686060853670e+01
      830     7  4  9         829             171       -1.3686060853670e+01
      831     4  9  7         829             171       -1.3686060853670e+01
      832     9  4  7         829             171       -1.3686060853670e+01
      833     7  9  4         829             171       -1.3686060853670e+01
      834     9  7  4         829             171       -1.3686060853670e+01
      835     4  8  8         835             172        6.4720518908780e+00
      836     8  4  8         835             172        6.4720518908780e+00
      837     8  8  4         835             172        6.4720518908780e+00
      838     4  8  9         838             173       -9.4399324943390e+00
      839     8  4  9         838             173       -9.4399324943390e+00
      840     4  9  8         838             173       -9.4399324943390e+00
      841     9  4  8         838             173       -9.4399324943390e+00
      842     8  9  4         838             173       -9.4399324943390e+00
      843     9  8  4         838             173       -9.4399324943390e+00
      844     4  9  9         844             174       -8.2466943238920e+00
      845     9  4  9         844             174       -8.2466943238920e+00
      846     9  9  4         844             174       -8.2466943238920e+00
      847     5  5  5         847             175       -1.4886969410130e+02
      848     5  5  6         848             176        3.9984754926200e-01
      849     5  6  5         848             176        3.9984754926200e-01
      850     6  5  5         848             176        3.9984754926200e-01
      851     5  5  7         851             177       -4.0174974171000e+01
      852     5  7  5         851             177       -4.0174974171000e+01
      853     7  5  5         851             177       -4.0174974171000e+01
      854     5  5  8         854             178        2.5871940014840e+01
      855     5  8  5         854             178        2.5871940014840e+01
      856     8  5  5         854             178        2.5871940014840e+01
      857     5  5  9         857             179       -1.7791655772640e+01
      858     5  9  5         857             179       -1.7791655772640e+01
      859     9  5  5         857             179       -1.7791655772640e+01
      860     5  6  6         860             180        7.1023335726920e-01
      861     6  5  6         860             180        7.1023335726920e-01
      862     6  6  5         860             180        7.1023335726920e-01
      863     5  6  7         863             181       -8.0384277284990e+00
      864     6  5  7         863             181       -8.0384277284990e+00
      865     5  7  6         863             181       -8.0384277284990e+00
      866     7  5  6         863             181       -8.0384277284990e+00
      867     6  7  5         863             181       -8.0384277284990e+00
      868     7  6  5         863             181       -8.0384277284990e+00
      869     5  6  8         869             182       -1.1949818975900e+01
      870     6  5  8         869             182       -1.1949818975900e+01
      871     5  8  6         869             182       -1.1949818975900e+01
      872     8  5  6         869             182       -1.1949818975900e+01
      873     6  8  5         869             182       -1.1949818975900e+01
      874     8  6  5         869             182       -1.1949818975900e+01
      875     5  6  9         875             183        9.7425090572860e-01
      876     6  5  9         875             183        9.7425090572860e-01
      877     5  9  6         875             183        9.7425090572860e-01
      878     9  5  6         875             183        9.7425090572860e-01
      879     6  9  5         875             183        9.7425090572860e-01
      880     9  6  5         875             183        9.7425090572860e-01
      881     5  7  7         881             184        0.0000000000000e+00
      882     7  5  7         881             184        0.0000000000000e+00
      883     7  7  5         881             184        0.0000000000000e+00
      884     5  7  8         884             185        1.4863013356860e+01
      885     7  5  8         884             185        1.4863013356860e+01
      886     5  8  7         884             185        1.4863013356860e+01
      887     8  5  7         884             185        1.4863013356860e+01
      888     7  8  5         884             185        1.4863013356860e+01
      889     8  7  5         884             185        1.4863013356860e+01
      890     5  7  9         890             186        1.2528550572330e+00
      891     7  5  9         890             186        1.2528550572330e+00
      892     5  9  7         890             186        1.2528550572330e+00
      893     9  5  7         890             186        1.2528550572330e+00
      894     7  9  5         890             186        1.2528550572330e+00
      895     9  7  5         890             186        1.2528550572330e+00
      896     5  8  8         896             187       -2.5874779280250e+00
      897     8  5  8         896             187       -2.5874779280250e+00
      898     8  8  5         896             187       -2.5874779280250e+00
      899     5  8  9         899             188        5.2799373387600e+00
      900     8  5  9         899             188        5.2799373387600e+00
      901     5  9  8         899             188        5.2799373387600e+00
      902     9  5  8         899             188        5.2799373387600e+00
      903     8  9  5         899             188        5.2799373387600e+00
      904     9  8  5         899             188        5.2799373387600e+00
      905     5  9  9         905             189        3.8317277663560e+00
      906     9  5  9         905             189        3.8317277663560e+00
      907     9  9  5         905             189        3.8317277663560e+00
      908     6  6  6         908             190       -3.3614190716940e+01
      909     6  6  7         909             191        6.2480313504290e-01
      910     6  7  6         909             191        6.2480313504290e-01
      911     7  6  6         909             191        6.2480313504290e-01
      912     6  6  8         912             192       -2.5280764755440e+00
      913     6  8  6         912             192       -2.5280764755440e+00
      914     8  6  6         912             192       -2.5280764755440e+00
      915     6  6  9         915             193        2.6908091948560e+00
      916     6  9  6         915             193        2.6908091948560e+00
      917     9  6  6         915             193        2.6908091948560e+00
      918     6  7  7         918             194       -1.6616292158290e+01
      919     7  6  7         918             194       -1.6616292158290e+01
      920     7  7  6         918             194       -1.6616292158290e+01
      921     6  7  8         921             195       -9.2603401099130e+00
      922     7  6  8         921             195       -9.2603401099130e+00
      923     6  8  7         921             195       -9.2603401099130e+00
      924     8  6  7         921             195       -9.2603401099130e+00
      925     7  8  6         921             195       -9.2603401099130e+00
      926     8  7  6         921             195       -9.2603401099130e+00
      927     6  7  9         927             196       -6.8283318866200e+00
      928     7  6  9         927             196       -6.8283318866200e+00
      929     6  9  7         927             196       -6.8283318866200e+00
      930     9  6  7         927             196       -6.8283318866200e+00
      931     7  9  6         927             196       -6.8283318866200e+00
      932     9  7  6         927             196       -6.8283318866200e+00
      933     6  8  8         933             197       -7.2385017644670e-01
      934     8  6  8         933             197       -7.2385017644670e-01
      935     8  8  6         933             197       -7.2385017644670e-01
      936     6  8  9         936             198       -2.3489226161450e+00
      937     8  6  9         936             198       -2.3489226161450e+00
      938     6  9  8         936             198       -2.3489226161450e+00
      939     9  6  8         936             198       -2.3489226161450e+00
      940     8  9  6         936             198       -2.3489226161450e+00
      941     9  8  6         936             198       -2.3489226161450e+00
      942     6  9  9         942             199       -4.7660983483200e+00
      943     9  6  9         942             199       -4.7660983483200e+00
      944     9  9  6         942             199       -4.7660983483200e+00
      945     7  7  7         945             200        1.0330571470990e+01
      946     7  7  8         946             201        5.5089783264940e+00
      947     7  8  7         946             201        5.5089783264940e+00
      948     8  7  7         946             201        5.5089783264940e+00
      949     7  7  9         949             202        5.6490280148340e+00
      950     7  9  7         949             202        5.6490280148340e+00
      951     9  7  7         949             202        5.6490280148340e+00
      952     7  8  8         952             203       -3.5069249566220e+00
      953     8  7  8         952             203       -3.5069249566220e+00
      954     8  8  7         952             203       -3.5069249566220e+00
      955     7  8  9         955             204        9.1322381306470e-01
      956     8  7  9         955             204        9.1322381306470e-01
      957     7  9  8         955             204        9.1322381306470e-01
      958     9  7  8         955             204        9.1322381306470e-01
      959     8  9  7         955             204        9.1322381306470e-01
      960     9  8  7         955             204        9.1322381306470e-01
      961     7  9  9         961             205        4.2068751052050e+00
      962     9  7  9         961             205        4.2068751052050e+00
      963     9  9  7         961             205        4.2068751052050e+00
      964     8  8  8         964             206       -9.4759943414320e-01
      965     8  8  9         965             207       -9.4527271850740e-01
      966     8  9  8         965             207       -9.4527271850740e-01
      967     9  8  8         965             207       -9.4527271850740e-01
      968     8  9  9         968             208       -7.1200090645230e-01
      969     9  8  9         968             208       -7.1200090645230e-01
      970     9  9  8         968             208       -7.1200090645230e-01
      971     9  9  9         971             209        3.1223792540300e+00


PAIRMAPS: 1
0 NN

TRIPMAPS: 1
0 NNNNNN

NO ENERGY OFFSETS:  1
ENERGY OFFSET 1   1.3070338200840e+03
ENDFILE
